items
{
    0      1 3 1 1 NO NO 0
    1      2 5 1 2 NO NO 0
    2      3 7 1 3 NO NO 0
    3      4 9 1 4 NO NO 0
    4      5 11 1 5 NO NO 0
    5      6 13 1 6 NO NO 0
    6      7 15 1 7 NO NO 0
    7      8 17 1 8 NO NO 0
    8      9 19 1 9 NO NO 0
    9      10 21 1 10 NO NO 0
    10     11 23 1 11 NO NO 0
    11     12 25 1 12 NO NO 0
    12     13 27 1 13 NO NO 0
    13     14 29 1 14 NO NO 0
    14     15 31 1 15 NO NO 0
    15     16 33 1 16 NO NO 0
    16     17 35 1 17 NO NO 0
    17     18 37 1 18 NO NO 0
    18     19 39 1 19 NO NO 0
    19     20 41 1 20 NO NO 0
    20     21 43 1 21 NO NO 0
    21     22 45 1 22 NO NO 0
    22     23 47 1 23 NO NO 0
    23     24 49 1 24 NO NO 0
    24     25 51 1 25 NO NO 0
    25     26 53 1 26 NO NO 0
    26     27 55 1 27 NO NO 0
    27     28 57 1 28 NO NO 0
    28     29 59 1 29 NO NO 0
    29     30 61 1 30 NO NO 0
    30     31 63 1 31 NO NO 0
    31     32 65 1 32 NO NO 0
    32     33 67 1 33 NO NO 0
    33     34 69 1 34 NO NO 0
    34     35 71 1 35 NO NO 0
    35     36 73 1 36 NO NO 0
    36     37 75 1 37 NO NO 0
    37     38 77 1 38 NO NO 0
    38     39 79 1 39 NO NO 0
    39     40 81 1 40 NO NO 0
    40     41 83 1 41 NO NO 0
    41     42 85 1 42 NO NO 0
    42     43 87 1 43 NO NO 0
    43     44 89 1 44 NO NO 0
    44     45 91 1 45 NO NO 0
    45     46 93 1 46 NO NO 0
    46     47 95 1 47 NO NO 0
    47     48 97 1 48 NO NO 0
    48     49 99 1 49 NO NO 0
    49     50 101 1 50 NO NO 0
    50     51 103 1 51 NO NO 0
    51     52 105 1 52 NO NO 0
    52     53 107 1 53 NO NO 0
    53     54 109 1 54 NO NO 0
    54     55 111 1 55 NO NO 0
    55     56 113 1 56 NO NO 0
    56     57 115 1 57 NO NO 0
    57     58 117 1 58 NO NO 0
    58     59 119 1 59 NO NO 0
    59     60 121 1 60 NO NO 0
    60     61 123 1 61 NO NO 0
    61     62 125 1 62 NO NO 0
    62     63 127 1 63 NO NO 0
    63     64 129 1 64 NO NO 0
    64     65 131 1 65 NO NO 0
    65     66 133 1 66 NO NO 0
    66     67 135 1 67 NO NO 0
    67     68 137 1 68 NO NO 0
    68     69 139 1 69 NO NO 0
    69     70 141 1 70 NO NO 0
    70     71 143 1 71 NO NO 0
    71     72 145 1 72 NO NO 0
    72     73 147 1 73 NO NO 0
    73     74 149 1 74 NO NO 0
    74     75 151 1 75 NO NO 0
    75     76 153 1 76 NO NO 0
    76     77 155 1 77 NO NO 0
    77     78 157 1 78 NO NO 0
    78     79 159 1 79 NO NO 0
    79     80 161 1 80 NO NO 0
    80     81 163 1 81 NO NO 0
    81     82 165 1 82 NO NO 0
    82     83 167 1 83 NO NO 0
    83     84 169 1 84 NO NO 0
    84     85 171 1 85 NO NO 0
    85     86 173 1 86 NO NO 0
    86     87 175 1 87 NO NO 0
    87     88 177 1 88 NO NO 0
    88     89 179 1 89 NO NO 0
    89     90 181 1 90 NO NO 0
    90     91 183 1 91 NO NO 0
    91     92 185 1 92 NO NO 0
    92     93 187 1 93 NO NO 0
    93     94 189 1 94 NO NO 0
    94     95 191 1 95 NO NO 0
    95     96 193 1 96 NO NO 0
    96     97 195 1 97 NO NO 0
    97     98 197 1 98 NO NO 0
    98     99 199 1 99 NO NO 0
    99     100 201 1 100 NO NO 0
    100    101 203 1 101 NO NO 0
    101    102 205 1 102 NO NO 0
    102    103 207 1 103 NO NO 0
    103    104 209 1 104 NO NO 0
    104    105 211 1 105 NO NO 0
    105    106 213 1 106 NO NO 0
    106    107 215 1 107 NO NO 0
    107    108 217 1 108 NO NO 0
    108    109 219 1 109 NO NO 0
    109    110 221 1 110 NO NO 0
    110    111 223 1 111 NO NO 0
    111    112 225 1 112 NO NO 0
    112    113 227 1 113 NO NO 0
    113    114 229 1 114 NO NO 0
    114    115 231 1 115 NO NO 0
    115    116 233 1 116 NO NO 0
    116    117 235 1 117 NO NO 0
    117    118 237 1 118 NO NO 0
    118    119 239 1 119 NO NO 0
    119    120 241 1 120 NO NO 0
    120    121 243 1 121 NO NO 0
    121    122 245 1 122 NO NO 0
    122    123 247 1 123 NO NO 0
    123    124 249 1 124 NO NO 0
    124    125 251 1 125 NO NO 0
    125    126 253 1 126 NO NO 0
    126    127 255 1 127 NO NO 0
    127    128 257 1 128 NO NO 0
    128    129 259 1 129 NO NO 0
    129    130 261 1 130 NO NO 0
    130    131 263 1 131 NO NO 0
    131    132 265 1 132 NO NO 0
    132    133 267 1 133 NO NO 0
    133    134 269 1 134 NO NO 0
    134    135 271 1 135 NO NO 0
    135    136 273 1 136 NO NO 0
    136    137 275 1 137 NO NO 0
    137    138 277 1 138 NO NO 0
    138    139 279 1 139 NO NO 0
    139    140 281 1 140 NO NO 0
    140    141 283 1 141 NO NO 0
    141    142 285 1 142 NO NO 0
    142    143 287 1 143 NO NO 0
    143    144 289 1 144 NO NO 0
    144    145 291 1 145 NO NO 0
    145    146 293 1 146 NO NO 0
    146    147 295 1 147 NO NO 0
    147    148 297 1 148 NO NO 0
    148    149 299 1 149 NO NO 0
    149    150 301 1 150 NO NO 0
    150    151 303 1 151 NO NO 0
    151    152 305 1 152 NO NO 0
    152    153 307 1 153 NO NO 0
    153    154 309 1 154 NO NO 0
    154    155 311 1 155 NO NO 0
    155    156 313 1 156 NO NO 0
    156    157 315 1 157 NO NO 0
    157    158 317 1 158 NO NO 0
    158    159 319 1 159 NO NO 0
    159    160 321 1 160 NO NO 0
    160    161 323 1 161 NO NO 0
    161    162 325 1 162 NO NO 0
    162    163 327 1 163 NO NO 0
    163    164 329 1 164 NO NO 0
    164    165 331 1 165 NO NO 0
    165    166 333 1 166 NO NO 0
    166    167 335 1 167 NO NO 0
    167    168 337 1 168 NO NO 0
    168    169 339 1 169 NO NO 0
    169    170 341 1 170 NO NO 0
    170    171 343 1 171 NO NO 0
    171    172 345 1 172 NO NO 0
    172    173 347 1 173 NO NO 0
    173    174 349 1 174 NO NO 0
    174    175 351 1 175 NO NO 0
    175    176 353 1 176 NO NO 0
    176    177 355 1 177 NO NO 0
    177    178 357 1 178 NO NO 0
    178    179 359 1 179 NO NO 0
    179    180 361 1 180 NO NO 0
    180    181 363 1 181 NO NO 0
    181    182 365 1 182 NO NO 0
    182    183 367 1 183 NO NO 0
    183    184 369 1 184 NO NO 0
    184    185 371 1 185 NO NO 0
    185    186 373 1 186 NO NO 0
    186    187 375 1 187 NO NO 0
    187    188 377 1 188 NO NO 0
    188    189 379 1 189 NO NO 0
    189    190 381 1 190 NO NO 0
    190    191 383 1 191 NO NO 0
    191    192 385 1 192 NO NO 0
    192    193 387 1 193 NO NO 0
    193    194 389 1 194 NO NO 0
    194    195 391 1 195 NO NO 0
    195    196 393 1 196 NO NO 0
    196    197 395 1 197 NO NO 0
    197    198 397 1 198 NO NO 0
    198    199 399 1 199 NO NO 0
    199    200 401 1 200 NO NO 0
    200    201 403 1 201 NO NO 0
    201    202 405 1 202 NO NO 0
    202    203 407 1 203 NO NO 0
    203    204 409 1 204 NO NO 0
    204    205 411 1 205 NO NO 0
    205    206 413 1 206 NO NO 0
    206    207 415 1 207 NO NO 0
    207    208 417 1 208 NO NO 0
    208    209 419 1 209 NO NO 0
    209    210 421 1 210 NO NO 0
    210    211 423 1 211 NO NO 0
    211    212 425 1 212 NO NO 0
    212    213 427 1 213 NO NO 0
    213    214 429 1 214 NO NO 0
    214    215 431 1 215 NO NO 0
    215    216 433 1 216 NO NO 0
    216    217 435 1 217 NO NO 0
    217    218 437 1 218 NO NO 0
    218    219 439 1 219 NO NO 0
    219    220 441 1 220 NO NO 0
    220    221 443 1 221 NO NO 0
    221    222 445 1 222 NO NO 0
    222    223 447 1 223 NO NO 0
    223    224 449 1 224 NO NO 0
    224    225 451 1 225 NO NO 0
    225    226 453 1 226 NO NO 0
    226    227 455 1 227 NO NO 0
}
