properties
{
    0     1 source:1 ad1c36a18da92509723f27cd914a1b8d
    1     2 hash:1 ad1c36a18da92509723f27cd914a1b8d
    2     3 size:1 85572
    3     4 items:1
          1,2,3,4,5,6,7,8,9,10,11,12,13,14,15,16,17,18,19,20,21,22,23,24,25,26,27,28,29,30,31,32,33,34,35,36,37,38,39,40,41,42,43,44,45,46,47,48,49,50,51,52,53,54,55,56,57,58,59,60,61,62,63,64,65,66,67,68,69,70,71,72,73,74,75,76,77,78,79,80,81,82,83,84,85,86,87,88,89,90,91,92,93,94,95,96,97,98,99,100,101,102,103,104,105,106,107,108,109,110,111,112,113,114,115,116,117,118,119,120,121,122,123,124,125,126,127,128,129,130,131,132,133,134,135,136,137,138,139,140,141,142,143,144,145,146,147,148,149,150,151,152,153,154,155,156,157,158,159,160,161,162,163,164,165,166,167,168,169,170,171,172,173,174,175,176,177,178,179,180,181,182,183,184,185,186,187,188,189,190,191,192,193,194,195,196,197,198,199,200,201,202,203,204,205,206,207,208,209,210,211,212,213,214,215,216,217,218,219,220,221,222,223,224,225,226,227
    4     5 ts:1:en:count 227
    5     6 usn:1:en 455
    6     7 ts:1:en a225f36cb435d4853ea596c44e9a9e58
    7     8 target:1:test_job:en a35f5bf8770507de215a31b8013f907a
    8     9 target:mtime:1:test_job:en 12345678
    9     10 source:1:test_job:en ad1c36a18da92509723f27cd914a1b8d
    10    11 source:ts:1:test_job:en a225f36cb435d4853ea596c44e9a9e58
    11    12 job-hash:test_namespace:test_job
          517481b2899012f5fceaea794966d3e2
    12    13 job-plugin:test_namespace:test_job parse_xlsx.
    13    14 job-serializer-plugin:test_namespace:test_job
          serialize_po.
    14    15 job-engine:test_namespace:test_job 1.4
}
